1;2;11
1;2;11
2;2;11
2;2;11
3;2;11
3;2;11
4;2;11
4;2;11
6;2;11
5;2;11
8;0;0
7;2;11
6;2;11
9;2;11
5;2;11
8;0;0
7;2;11
9;2;11
10;0;0
10;0;0
11;2;11
11;2;11
12;2;11
12;2;11
14;2;11
13;0;0
14;2;11
13;0;0
15;2;11
15;2;11
16;0;0
16;0;0
17;2;11
17;2;11
18;2;11
18;2;11
19;2;9
19;2;9
20;2;11
21;2;11
20;2;11
21;2;11
22;2;11
22;2;11
23;2;11
24;0;0
23;2;11
24;0;0
25;2;11
26;2;11
25;2;11
26;2;11
29;0;0
27;2;11
28;2;11
29;0;0
27;2;11
28;2;11
30;2;11
31;2;11
30;2;11
31;2;11
32;0;0
32;0;0
34;2;11
33;2;11
34;2;11
33;2;11
35;2;11
35;2;11
37;2;11
36;2;11
37;2;11
36;2;11
38;2;11
39;2;11
38;2;11
39;2;11
41;2;11
40;2;11
41;2;11
40;2;11
42;2;11
42;2;11
43;2;11
43;2;11
44;2;11
44;2;11
45;2;11
46;0;0
45;2;11
46;0;0
47;0;0
47;0;0
48;0;0
49;2;11
50;2;11
52;2;11
48;0;0
51;2;11
49;2;11
50;2;11
52;2;11
51;2;11
53;0;0
54;2;11
53;0;0
54;2;11
55;2;11
55;2;11
58;0;0
56;2;6
57;2;11
58;0;0
56;2;6
57;2;11
59;0;0
59;0;0
60;2;11
60;2;11
62;2;11
61;2;8
62;2;11
61;2;8
64;2;11
63;0;0
64;2;11
63;0;0
65;2;11
66;0;0
65;2;11
66;0;0
68;0;0
67;2;11
68;0;0
67;2;11
69;2;11
69;2;11
70;2;11
72;2;11
71;2;11
70;2;11
73;2;11
74;2;11
72;2;11
71;2;11
73;2;11
74;2;11
75;2;11
75;2;11
77;0;0
76;2;11
77;0;0
76;2;11
78;2;11
79;2;11
80;2;11
81;0;0
78;2;11
83;2;11
79;2;11
82;2;11
80;2;11
84;2;11
81;0;0
85;2;11
83;2;11
82;2;11
84;2;11
87;2;11
88;0;0

86;2;11
87;2;11
88;0;0
86;2;11
89;2;11
89;2;11
90;2;11
90;2;11
91;2;11
93;2;11
92;2;11
91;2;11
93;2;11
92;2;11
96;0;0
97;0;0
94;2;11
95;2;11
96;0;0
98;2;11
97;0;0
94;2;11
95;2;11
98;2;11
99;2;11
100;0;0
99;2;11
100;0;0
102;2;11
101;2;11
102;2;11
101;2;11
104;2;11
103;2;11
104;2;11
103;2;11
105;2;11
105;2;11
106;2;11
106;2;11
107;2;11
107;2;11
109;2;11
108;2;11
109;2;11
108;2;11
112;2;11
111;2;11
110;2;11
112;2;11
114;0;0
111;2;11
113;0;0
110;2;11
114;0;0
113;0;0
116;2;11
115;2;11
116;2;11
115;2;11
117;2;11
118;0;0
117;2;11
118;0;0
119;2;11
119;2;11
120;2;11
120;2;11
121;2;11
121;2;11
122;2;11
123;2;11
122;2;11
123;2;11
124;2;11
125;2;11
124;2;11
125;2;11
126;0;0
126;0;0
127;2;11
127;2;11
128;2;11
128;2;11
129;2;11
129;2;11
130;2;11
131;0;0
130;2;11
131;0;0
132;2;11
132;2;11
133;2;11
133;2;11
134;2;11
134;2;11
135;2;11
135;2;11
138;2;11
137;2;11
136;0;0
138;2;11
137;2;11
136;0;0
139;2;11
139;2;11
142;2;11
141;0;0
140;0;0
142;2;11
141;0;0
140;0;0
144;0;0
143;2;11
144;0;0
143;2;11
145;2;11
145;2;11
146;2;11
147;0;0
146;2;11
147;0;0
148;2;11
148;2;11
149;2;11
149;2;11
150;2;11
150;2;11
151;2;11
151;2;11
153;2;11
154;2;11
152;2;11
153;2;11
154;2;11
152;2;11
156;0;0
155;2;11
156;0;0
155;2;11
158;0;0
160;2;11
159;2;11
157;2;11
163;2;11
158;0;0
162;2;11
159;2;11
161;2;11
157;2;11
163;2;11
166;2;11
165;2;11
162;2;11
164;0;0
161;2;11
166;2;11
165;2;11
164;0;0
168;2;11
167;0;0
169;2;11
168;2;11
167;0;0
169;2;11
170;2;11
173;0;0
172;2;11
171;2;11
170;2;11
173;0;0
172;2;11
171;2;11
174;2;11
176;2;11
175;2;11
177;2;11
178;2;11
174;2;11
176;2;11
175;2;11
177;2;11
178;2;11
180;2;11
179;2;11
180;2;11
179;2;11
181;2;11
182;0;0
181;2;11
182;0;0
183;2;11
183;2;11
185;2;11
188;2;11
187;2;11
184;2;11
186;2;11
190;2;11
185;2;11
191;2;11
188;2;11
192;0;0
187;2;11
189;2;11
184;2;11
186;2;11
190;2;11
193;2;11
191;2;11
192;0;0
189;2;11
193;2;11
194;0;0
194;0;0
196;2;11
198;2;11
195;2;11
197;2;11
196;2;11
198;2;11
195;2;11
197;2;11
200;0;0
201;2;11
199;2;11
200;0;0
201;2;11
199;2;11
202;2;11
203;2;11
202;2;11
203;2;11
206;2;11
204;2;11
205;2;11
206;2;11
204;2;11
205;2;11
211;2;11
209;2;11
208;2;11
210;0;0
207;2;11
213;0;0
211;2;11
214;2;11
212;2;11
209;2;11
208;2;11
210;0;0
207;2;11
215;2;11
213;0;0
214;2;11
212;2;11
215;2;11
216;2;11
217;0;0
216;2;11
217;0;0
218;2;11
218;2;11
221;2;11
224;2;11
222;2;11
223;2;11
220;2;11
219;2;11
221;2;11
224;2;11
222;2;11
223;2;11
220;2;11
219;2;11
225;0;0
226;0;0
227;2;11
228;2;11
225;0;0
229;2;11
226;0;0
227;2;11
228;2;11
229;2;11
230;2;11
230;2;11
231;2;11
232;2;11
233;2;11
231;2;11
232;2;11
233;2;11
238;0;0
237;2;11
235;2;11
236;0;0
234;2;11
240;0;0
238;0;0
239;2;11
237;2;11
235;2;11
236;0;0
234;2;11
240;0;0
239;2;11
242;2;11
241;2;11
242;2;11
241;2;11
244;2;11
243;2;11
244;2;11
243;2;11
245;2;11
247;0;0
246;2;11
245;2;11
247;0;0
246;2;11
248;2;11
248;2;11
250;2;11
249;2;11
250;2;11
249;2;11
253;2;11
251;2;11
252;0;0
253;2;11
251;2;11
252;0;0
254;2;11
254;2;11
255;2;11
255;2;11
256;2;11
256;2;11
257;2;11
258;2;4
259;2;11
257;2;11
258;2;4
259;2;11
260;2;11
262;2;11
261;2;11
262;2;11
261;2;11
264;2;11
265;2;11
263;2;11
264;2;11
265;2;11
263;2;11
266;0;0
266;0;0
269;2;11
268;0;0
267;2;11
269;2;11
268;0;0
267;2;11
272;0;0
273;0;0
270;2;11
271;2;11
272;0;0
274;2;11
273;0;0
270;2;11
271;2;11
274;2;11
276;0;0
275;2;11
277;2;11
276;0;0
275;2;11
277;2;11
279;2;11
278;2;11
279;2;11
278;2;11
280;2;11
280;2;11
281;2;11
281;2;11
283;0;0
282;2;11
283;0;0
282;2;11
284;0;0
284;0;0
285;0;0
285;0;0
287;2;11
286;2;11
287;2;11
286;2;11
288;2;11
288;2;11
289;0;0
291;0;0
290;2;11
289;0;0
291;0;0
290;2;11
292;2;11
292;2;11
293;2;11
293;2;11
294;2;11
294;2;11
295;2;11
295;2;11
296;2;11
296;2;11
297;2;11
297;2;11
298;2;11
298;2;11
299;2;11
299;2;11
300;2;11
300;2;11
301;2;11
304;2;11
303;2;11
302;2;11
305;2;11
301;2;11
304;2;11
303;2;11
302;2;11
305;2;11
306;2;11
306;2;11
308;0;0
307;0;0
308;0;0
307;0;0
309;2;11
309;2;11
310;0;0
310;0;0
311;2;11
311;2;11
312;2;11
312;2;11
313;2;11
313;2;11
315;2;11
314;2;11
316;2;11
315;2;11
314;2;11
316;2;11
317;2;11
317;2;11
318;2;11
319;2;11
318;2;11
319;2;11
320;2;11
321;2;11
322;2;11
320;2;11
321;2;11
322;2;11
323;2;11
324;2;11
323;2;11
324;2;11
327;2;11
329;0;0
330;2;11
325;0;0
328;0;0
326;0;0
332;2;11
327;2;11
333;2;11
329;0;0
330;2;11
331;2;11
325;0;0
328;0;0
326;0;0
335;2;11
332;2;11
334;2;11
333;2;11
336;2;11
331;2;11
339;2;11
335;2;11
338;2;11
334;2;11
337;0;0
336;2;11
339;2;11
342;2;11
338;2;11
340;0;0
337;0;0
341;2;11
343;2;11
342;2;11
340;0;0
341;2;11
343;2;11
344;0;0
344;0;0
345;2;11
346;0;0
347;2;11
345;2;11
346;0;0
347;2;11
348;2;9
348;2;9
349;2;11
349;2;11
350;0;0
351;2;11
352;0;0
350;0;0
351;2;11
352;0;0
354;2;11
353;0;0
354;2;11
353;0;0
356;0;0
355;2;11
356;0;0
355;2;11
358;2;11
361;0;0
360;2;11
357;2;11
359;2;11
362;2;11
358;2;11
364;2;11
361;0;0
365;2;11
366;2;11
360;2;11
363;2;11
357;2;11
359;2;11
362;2;11
367;2;11
364;2;11
365;2;11
366;2;11
363;2;11
367;2;11
368;2;11
368;2;11
370;0;0
369;2;11
370;0;0
369;2;11
371;2;11
372;2;11
371;2;11
372;2;11
374;2;11
375;2;11
373;2;11
374;2;11
375;2;11
373;2;11
376;0;0
377;2;11
376;0;0
377;2;11
380;2;11
378;2;11
379;0;0
380;2;11
378;2;11
379;0;0
381;2;11
381;2;11
383;0;0
382;2;11
385;2;11
384;0;0
386;2;11
383;0;0
382;2;11
385;2;11
384;0;0
386;2;11
387;2;11
388;2;11
387;2;11
388;2;11
391;2;11
389;2;11
390;2;11
391;2;11
389;2;11
390;2;11
392;2;11
392;2;11
393;2;6
393;2;6
395;2;11
394;2;11
395;2;11
394;2;11
397;2;11
396;2;11
397;2;11
396;2;11
398;0;0
398;0;0
399;0;0
399;0;0
400;2;11
400;2;11
401;2;11
402;2;11
401;2;11
402;2;11
403;2;11
405;0;0
404;2;11
403;2;11
405;0;0
404;2;11
408;2;11
407;0;0
406;2;11
408;2;11
407;0;0
406;2;11
409;0;0
410;2;11
409;0;0
410;2;11
411;2;11
412;2;11
411;2;11
412;2;11
414;2;11
415;2;11
413;0;0
414;2;11
415;2;11
413;0;0
416;0;0
416;0;0
417;2;11
417;2;11
418;2;11
419;2;11
418;2;11
419;2;11
421;2;11
420;2;11
421;2;11
420;2;11
422;0;0
422;0;0
424;0;0
423;0;0
424;0;0
423;0;0
425;2;11
425;2;11
427;2;11
426;2;11
427;2;11
426;2;11
428;0;0
428;0;0
430;2;11
429;0;0
430;2;11
429;0;0
432;0;0
431;2;11
432;0;0
431;2;11
434;2;11
433;2;11
434;2;11
433;2;11
435;2;11
436;2;11
437;2;11
435;2;11
436;2;11
437;2;11
439;0;0
438;0;0
439;0;0
438;0;0
440;2;11
440;2;11
446;2;11
442;2;11
445;2;11
441;2;11
443;0;0
444;2;11
446;2;11
447;0;0
442;2;11
445;2;11
441;2;11
443;0;0
444;2;11
447;0;0
448;2;11
448;2;11
450;2;11
452;2;11
451;2;11
449;2;11
454;2;11
450;2;11
453;2;11
452;2;11
451;2;11
449;2;11
454;2;11
453;2;11
455;0;0
455;0;0
457;2;11
460;2;11
459;2;11
458;2;11
456;2;11
463;2;11
457;2;11
460;2;11
461;2;11
459;2;11
462;2;11
458;2;11
456;2;11
464;2;11
463;2;11
465;2;11
461;2;11
462;2;11
464;2;11
465;2;11
467;2;11
468;2;11
466;2;11
467;2;11
468;2;11
466;2;11
470;2;11
469;2;11
470;2;11
469;2;11
472;0;0
471;2;11
472;0;0
471;2;11
475;0;0
474;2;6
476;2;11
477;2;11
473;2;11
481;2;11
482;0;0
474;2;6
480;2;11
476;2;11
477;2;11
478;2;11
473;2;11
479;0;0
481;2;11
484;2;11
482;0;0
483;2;11
480;2;11
478;2;11
479;0;0
484;2;11
483;2;11
485;2;11
485;2;11
486;2;11
486;2;11
487;2;11
487;2;11
488;0;0
488;0;0
489;2;11
489;2;11
491;2;11
490;2;11
491;2;11
490;2;11
492;2;6
494;2;11
493;2;11
492;2;6
494;2;11
493;2;11
498;2;11
497;2;11
495;2;11
496;2;11
498;2;11
497;2;11
500;2;11
495;2;11
499;2;11
496;2;11
501;2;11
500;2;11
499;2;11
501;2;11
503;2;11
502;2;11
503;2;11
502;2;11
504;2;11
505;0;0
506;2;11
504;2;11
505;0;0
506;2;11
507;2;11
509;2;11
512;0;0
513;2;11
508;2;11
511;2;11
510;0;0
515;2;11
507;2;11
517;2;11
509;2;11
516;2;11
512;0;0
513;2;11
514;2;11
508;2;11
511;2;11
510;0;0
518;2;11
515;2;11
517;2;11
516;2;11
514;2;11
518;2;11
520;2;11
519;0;0
520;2;11
524;2;11
522;2;11
523;2;11
521;2;11
524;2;11
525;2;11
522;2;11
523;2;11
526;2;11
521;2;11
525;2;11
527;2;11
526;2;11
530;2;11
528;2;11
529;2;11
530;2;11
531;2;11
528;2;11
532;2;11
533;2;11
529;2;11
531;2;11
532;2;11
533;2;11
538;2;11
536;0;0
534;2;11
535;0;0
537;0;0
538;2;11
540;2;11
536;0;0
539;2;11
534;2;11
535;0;0
537;0;0
540;2;11
539;2;11
542;2;11
541;2;11
542;2;11
541;2;11
544;2;11
543;2;11
544;2;11
543;2;11
545;2;11
546;2;11
545;2;11
546;2;11
548;0;0
549;2;11
547;2;11
548;0;0
549;2;11
547;2;11
550;2;11
551;2;11
552;0;0
550;2;11
551;2;11
552;0;0
553;2;4
553;2;4
554;2;11
557;0;0
555;2;11
556;2;11
554;2;11
558;2;11
557;0;0
559;2;11
555;2;11
556;2;11
558;2;11
559;2;11
560;2;11
561;2;11
560;2;11
561;2;11
563;2;11
562;2;11
563;2;11
562;2;11
565;2;11
564;2;11
565;2;11
564;2;11
567;2;11
566;2;11
568;2;11
567;2;11
566;2;11
568;2;11
569;2;11
569;2;11
570;2;11
571;2;11
570;2;11
571;2;11
574;2;11
572;2;11
573;0;0
574;2;11
572;2;11
573;0;0
576;2;11
575;2;11
576;2;11
575;2;11
578;0;0
577;2;11
578;0;0
577;2;11
584;2;11
583;2;11
580;2;11
581;2;11
579;0;0
582;0;0
584;2;11
583;2;11
585;2;11
580;2;11
581;2;11
579;0;0
582;0;0
586;0;0
585;2;11
587;2;11
587;2;11
589;2;11
588;2;11
589;2;11
588;2;11
590;0;0
591;2;11
590;0;0
591;2;11
592;2;11
595;2;11
594;2;11
593;2;11
596;2;11
592;2;11
595;2;11
594;2;11
593;2;11
596;2;11
597;2;11
597;2;11
598;2;11
598;2;11
600;2;11
599;0;0
600;2;11
599;0;0
601;2;11
601;2;11
602;2;11
602;2;11
603;2;11
603;2;11
604;2;11
604;2;11
605;2;11
605;2;11
606;2;11
607;2;11
606;2;11
607;2;11
608;0;0
608;0;0
609;2;11
609;2;11
610;2;11
610;2;11
611;0;0
611;0;0
612;2;11
612;2;11
613;2;11
613;2;11
614;2;11
614;2;11
615;2;11
615;2;11
616;2;11
616;2;11
617;2;11
617;2;11
